800 30 900 20 10 
100 80 20 120 110
500 200 600 6 300 700 650
600 300 630 12 24 615 620
32 12 6 4 2 1 24 26 25
65 24 32 28 26 68 900 300
800 40 600
50 25 20 15 10 5
20 30 40 35 34 33 60 70
88 89 92 60 50 30 40 
100 200 300 400 250 240 245 
600 400 200 300 20 350 340 330 338 336 
200 100 50 40 150 180 160 155 220 240 300 400 600 
500 400 450 425 420 424 423 422
80 40 30 60 120 100 90 88 
60 50 70 50 50 50 50 50
100 90 80 85 120 160 140 130 125 
56 40 30 30 54 55 60 80 100 90 120
800 100 80 40 900 850 880 
60 60 60 60 70 80 65 67 64 63 
80 70 60 40 50 71 72 73 72 72 72 
60 40 30 20 10 50 51 52 80 100 90 110 101 101 101 
60 60 60 80 90 66 72 70 68 
90 80 20 60 40 50 